images/20180426_095752.jpg 1377,1352,1530,1505,0 1472,1260,1564,1347,0 2227,189,2372,339,0 2109,262,2211,344,0
images/20180426_102718.jpg 1569,618,2301,1436,0
images/20180426_102741.jpg 1545,981,3224,1257,0
images/20180426_110251.jpg 1582,1857,1637,1910,0 2072,1586,2127,1649,0 2227,1936,2280,1963,0 2895,2023,2961,2097,0 2890,2176,2943,2210,0 2419,1720,2482,1778,0 2345,1407,2401,1455,0 2266,1236,2332,1313,0 2172,1202,2216,1257,0 1406,1494,1459,1547,0 253,1141,306,1176,0 2524,257,2598,302,0 1295,413,1330,436,0
images/20180426_110253.jpg 924,1331,969,1357,0 1145,1547,1211,1607,0 1545,1528,1614,1565,0 1622,1420,1682,1468,0 1874,1373,1935,1426,0 1890,1218,1940,1255,0 2419,1394,2477,1436,0 2214,1541,2285,1618,0 1985,1381,2051,1468,0
images/20180426_110254.jpg 745,1426,880,1526,0 566,1691,666,1802,0 1243,1326,1309,1407,0 1524,1323,1627,1455,0 1530,884,1648,986,0 1785,1373,1995,1597,0 2430,1826,2577,1981,0 3080,1452,3195,1560,0
images/20180426_110303.jpg 1790,668,1885,760,0
images/20180426_110310.jpg 527,534,609,591,0 309,876,382,907,0 814,1305,895,1378,0 1582,1028,1674,1147,0 1609,244,1701,320,0
images/20180426_110323.jpg 2869,818,2901,852,0 2759,755,2787,786,0 2003,778,2035,813,0 1695,849,1727,905,0 1993,915,2030,955,0
images/20180426_110403.jpg 1209,1444,1316,1544,0 1761,1194,1819,1239,0 1885,1226,2009,1310,0 1848,1336,1903,1394,0 2164,1434,2311,1526,0 2553,1197,2632,1281,0 2898,1097,3069,1223,0 2974,1291,3061,1365,0 2893,1413,2964,1481,0 2693,1481,2785,1539,0
images/20180426_110420.jpg 1532,713,1622,794,0 1743,691,1801,741,0 1437,957,1532,1026,0 1893,1234,1940,1276,0 1966,1310,2019,1370,0 1990,1547,2053,1591,0 2411,1210,2469,1273,0 2359,1705,2385,1734,0 2848,1789,2880,1834,0
images/20180426_110423.jpg 1801,799,2022,965,0 2135,726,2245,815,0 2537,844,2653,955,0 2087,934,2230,1084,0 1793,1505,1985,1613,0 2680,2099,2743,2163,0 3759,2070,3806,2120,0
images/20180426_110428.jpg 43,465,101,528,0 2172,1176,2237,1236,0 2014,1344,2061,1405,0 1885,1565,1956,1613,0
images/20180426_110434.jpg 882,997,951,1049,0 1198,870,1264,907,0 1032,1205,1098,1252,0 772,1244,819,1273,0 1614,1105,1693,1136,0 1564,1286,1630,1357,0 1751,1357,1830,1428,0 2319,1076,2372,1118,0 2711,1405,2793,1489,0 2809,1713,2874,1784,0
images/20180426_110440.jpg 1727,899,2053,1226,0
images/20180426_110533.jpg 1630,773,2156,1173,0
images/20180426_110602.jpg 2137,984,2261,1134,0
images/20180426_110622.jpg 1940,831,2116,1049,0 2190,1047,2356,1186,0
images/20180426_110625.jpg 2540,999,2835,1218,0
images/20180426_110659.jpg 1682,684,2632,1052,0
images/20180426_110829.jpg 1990,602,2424,1494,0
images/20180426_112934.jpg 1509,1120,1569,1199,0 1759,1265,1869,1347,0 2353,1534,2424,1586,0 2459,1760,2593,1876,0
images/20180426_112936.jpg 1240,1018,1309,1068,0 1785,749,1859,794,0 2124,1084,2201,1178,0
images/20180426_112940.jpg 1411,1415,1485,1457,0
images/20180426_112944.jpg 2145,1355,2230,1439,0
images/20180426_112946.jpg 2243,1041,2330,1136,0
images/20180426_113036.jpg 2714,1128,2837,1281,0
images/20180426_113038.jpg 2145,789,2266,905,0 2398,984,2566,1105,0
images/20180426_113112.jpg 2656,1057,2803,1202,0
images/20180426_113119.jpg 2303,865,2614,1202,0 2435,1294,2659,1528,0 2174,1507,2337,1623,0
images/20180426_113245.jpg 1685,1376,1980,1636,0
images/20180426_113250.jpg 1987,1197,2164,1399,0
images/20180426_113417.jpg 1874,1147,2127,1426,0
images/20180426_113424.jpg 1740,973,2237,1478,0
images/IMG_20180413_092043.jpg 1411,1767,1669,1983,0 1307,2337,1415,2454,0
images/IMG_20180413_092050.jpg 2147,1772,2313,1891,0 2651,1544,2754,1660,0 2854,1335,3051,1457,0 3844,1407,3968,1487,0
images/IMG_20180413_092054.jpg 1657,1610,1807,1707,0 2085,1397,2226,1535,0 2272,1235,2447,1354,0 3144,1294,3391,1469,0
images/IMG_20180413_092058.jpg 1538,1663,1660,1741,0 1919,1450,2047,1585,0 2091,1279,2313,1422,0 2982,1319,3210,1435,0
images/IMG_20180413_092208.jpg 2119,1404,2326,1613,0
images/IMG_20180413_092226.jpg 2763,454,2813,532,0 1435,647,1476,682,0 1416,2663,1494,2725,0 1263,1813,1288,1860,0 1144,1588,1191,1632,0
images/IMG_20180413_092304.jpg 2544,1613,2638,1738,0 2516,763,2566,816,0
images/IMG_20180413_092313.jpg 2144,1497,2238,1588,0 2735,1247,2826,1316,0
images/IMG_20180413_092337.jpg 2807,1791,3094,1935,0 2872,1141,2969,1394,0 2729,416,2782,469,0
images/IMG_20180413_092826.jpg 2013,1904,2194,2019,0 2088,1541,2229,1641,0
images/IMG_20180413_092836.jpg 1841,1447,1997,1544,0
images/IMG_20180413_092937.jpg 2332,1129,2544,1269,0 938,1269,1079,1404,0
images/IMG_20180413_092939.jpg 2263,1204,2401,1347,0 926,1341,1138,1497,0
images/IMG_20180413_092944.jpg 2029,1138,2160,1244,0 1888,1416,1985,1466,0 2047,1969,2176,2069,0 1044,1269,1157,1394,0
images/IMG_20180413_093242.jpg 2560,1125,2857,1472,0 1732,1544,2610,1894,0 2419,1869,2613,2966,0
images/IMG_20180413_093253.jpg 2369,1597,2716,1966,0 1572,1979,2319,2304,0
images/IMG_20180413_093631.jpg 3222,1907,3341,2016,0
images/IMG_20180413_093643.jpg 3291,1710,3438,1810,0
images/IMG_20180413_095328.jpg 2566,1654,2957,2047,0
images/IMG_20180413_095451.jpg 2179,1313,2682,1763,0
images/IMG_20180413_095504.jpg 2919,1466,3301,2385,0
images/IMG_20180413_102955.jpg 1435,1366,1551,1475,0
images/IMG_20180413_103206.jpg 1377,2225,1515,2408,0
images/IMG_20180413_103354.jpg 1502,1454,1561,1521,0
images/IMG_20180413_103358.jpg 1248,2004,1319,2079,0
images/IMG_20180413_103401.jpg 1482,1841,1541,1897,0 2197,2269,2288,2344,0
images/IMG_20180413_103404.jpg 1054,588,1282,682,0 1354,375,1432,413,0 2557,1360,2610,1457,0 3363,1275,3422,1332,0